22220000000000000000002222
22220000000111100000002222
00000011000000000011000000
00000000000000000000000000
00110000002222220000001100
00110000000000000000001100
00000000000000000000000000
00000000002222220000000000
00000000000000000000000000
00001100000000000000110000
00001111000000000011110000
00000000000000000000000000
00000000000000000000000000
00550022220000002222006600
11550022220000002222006611
00000000000000000000000000
00000000000011000000000000
00111100000000000000111100
00000000000000000000000000
00000000333333333300000000
00000033330000003333000000
33003333000000000033330033
00000000001111110000000000
00002001001100110010020000
00000000000000000000000000
00111000000000000000111000
