22000000000000000000000022
22000000000000000000000022
00000000222222222200000000
00000000222222222200000000
00222200222222222200222200
00000000222222222200000000
00000000000000000000000000
00000000000000000000000000
00002222220000002222220000
00002222220000002222220000
00000000000000000000000000
00000000000000000000000000
00000000002222220000000000
00550000002222220000006600
00550000002222220000006600
22220000000000000000002222
22220000000000000000002222
00000000000022000000000000
00000000000000000000000000
00002222000000000022220000
00002222000000000022220000
00002222000000000022220000
00002222000000000022220000
00002222000000000022220000
00000000000222200000000000
00000000000222200000000000
