99999992995555559929999999
99999992995555559929999999
99119999999999999999991199
99999999999999999999999999
99999999992222229999999999
99991199999999999999119999
99991199999999999999119999
99991199999999999999119999
99991199999999999999119999
99991199991111119999119999
99999999999999999999999999
99999999999999999999999999
99991199991111119999119999
99991199999999999999119999
99991199999999999999119999
99991199999999999999119999
99991199999999999999119999
99999999992222229999999999
99999999999999999999999999
99999992999999999929999999
99199992995555559929999199
99199992995555559929999199
99199992999999999929999199
99119999999999999999991199
99999999991199119999999999
99999999991199119999999999